File: C:\MED-PC IV\Backups\Backup of Box 01 08-07-2014 10.30 Subject 64


Start Date: 08/07/14
End Date: 08/07/14
Subject: 64
Experiment: AB
Group: learn
Box: 1
Start Time:  9:40:27
End Time: 10:30:26
MSN: DRRD_no_phase_back
C:       0.000
F:       1.000
G:       0.000
H:       0.000
I:       0.000
J:       0.000
K:      12.000
L:       0.000
M:       0.000
N:       0.000
O:       0.000
P:       0.000
Q:       0.000
R:       0.000
S:       0.000
U:   76129.000
V:       0.000
W:       0.000
X:       0.000
Y:    2458.000
Z:       0.000
A:
     0:     1173.001     1865.003     9125.001    11239.003    12510.002
     5:    13108.004    13150.002    15000.011    15816.004    15941.002
    10:    16924.004    21441.002    21881.004    21927.002    22254.004
    15:    25770.001    25873.003    26694.001    26842.003    29565.001
    20:    29723.003    29760.001    29960.003    31719.002    31906.004
    25:    31938.002    32478.004    33534.001    33626.003    33754.001
    30:    34354.018    34672.003    34678.016    34728.026    40202.001
    35:    40239.003    42412.001    42474.003    42493.001    42569.003
    40:    45844.001    46012.003    48483.001    48536.003    48573.001
    45:    48811.003    50072.001    50672.018    50873.003    50879.016
    50:    50929.026    54120.001    54210.003    54259.001    54366.003
    55:    54411.001    54473.003    56042.001    56141.003    56168.001
    60:    56275.003    56282.001    56330.003    57650.001    57773.003
    65:    57811.001    57903.003    57964.001    57985.003    58047.001
    70:    58487.003    61812.001    61879.003    61945.001    61973.003
    75:    85379.001    85464.003    85612.001    86119.003    86137.001
    80:    86737.018    87441.003    87447.016    87497.026    89750.001
    85:    89814.003    89853.001    89936.003    92566.001    92617.003
    90:    98464.001    98485.003    98544.001    98601.003    98646.001
    95:    98730.003    98752.001    98839.003   101492.001   101580.003
   100:   101724.001   102156.003   102217.001   102304.003   104084.001
   105:   104303.003   104772.001   105188.003   107903.001   108503.018
   110:   108517.003   108523.016   108573.026   117632.001   117674.003
   115:   119628.001   119712.003   119748.001   119853.003   120987.001
   120:   121254.003   121264.001   121382.003   121702.001   121759.003
   125:   121804.001   121871.003   124214.001   124430.003   124744.001
   130:   125344.018   125353.003   125359.016   125409.026   128975.001
   135:   129039.003   129086.001   129100.003   130683.001   130835.003
   140:   132515.001   132728.003   133192.001   133283.003   133370.001
   145:   133430.003   134044.001   134143.003   134162.001   134543.003
   150:   139665.002   140574.004   140927.002   141331.004   142031.002
   155:   142175.004   142323.002   142372.004   145774.001   146221.003
   160:   146527.001   146600.003   146698.001   146737.003   146761.001
   165:   146829.003   146881.001   146911.003   151408.001   152008.018
   170:   152098.003   152104.016   152154.026   155265.001   155278.003
   175:   155341.001   155415.003   159305.001   159487.003   163134.001
   180:   163195.003   164869.002   165500.004   165688.002   165911.004
   185:   176656.002   177171.004   177627.002   177937.004   179410.001
   190:   179448.003   179506.001   179587.003   190070.001   190120.003
   195:   190177.001   190207.003   190324.001   190342.003   191097.001
   200:   191697.018   192493.003   192499.016   192522.001   192549.026
   205:   192731.003   196848.001   196896.003   197237.001   197557.003
   210:   197586.001   197654.003   199840.001   200176.003   200194.001
   215:   200359.003   200393.001   200483.003   200509.001   200628.003
   220:   200747.001   201029.003   202774.001   202887.003   202935.001
   225:   203010.003   203023.001   203084.003   203098.001   203230.003
   230:   203253.001   203312.003   203334.001   203365.003   203441.001
   235:   203466.003   203827.001   203932.003   203946.001   204380.003
   240:   204424.001   204589.003   205319.001   205417.003   205451.001
   245:   206051.018   206083.003   206089.016   206139.026   208823.001
   250:   208838.003   208920.001   208987.003   209136.001   209367.003
   255:   211033.001   211086.003   211295.001   211330.003   213124.001
   260:   213176.003   213197.001   213297.003   213315.001   213345.003
   265:   213358.001   213411.003   213464.001   214064.018   214144.003
   270:   214150.016   214200.026   219239.001   219447.003   219473.001
   275:   219586.003   219704.001   219824.003   222309.001   222776.003
   280:   222778.001   222849.003   224863.001   224964.003   225039.001
   285:   225063.003   225085.001   225098.003   226674.001   226885.003
   290:   227296.001   227392.003   227452.001   227486.003   227599.001
   295:   227630.003   227646.001   227882.003   228541.001   228608.003
   300:   228644.001   228710.003   228726.001   228758.003   228806.001
   305:   228859.003   228875.001   229475.018   229943.003   229949.016
   310:   229999.026   237174.001   237383.003   239758.001   239780.003
   315:   239855.001   239890.003   239906.001   240282.003   241700.001
   320:   241805.003   241875.001   241936.003   243341.001   243374.003
   325:   243409.001   243437.003   243502.001   243516.003   243732.001
   330:   243780.003   243813.001   243857.003   243924.001   243976.003
   335:   243998.001   244027.003   244066.001   244085.003   244283.001
   340:   244352.003   245198.001   245375.003   245393.001   245442.003
   345:   247309.001   247358.003   247609.001   248151.003   249274.001
   350:   249303.003   249401.001   249427.003   250868.001   250939.003
   355:   250973.001   251023.003   251048.001   251079.003   251137.001
   360:   251248.003   251264.001   251353.003   251781.001   252005.003
   365:   252303.001   252374.003   252392.001   252489.003   255377.001
   370:   255977.018   256124.003   256130.016   256180.026   257818.001
   375:   257943.003   259347.001   259391.003   259642.001   259901.003
   380:   259915.001   260060.003   260109.001   260184.003   261684.001
   385:   261802.003   261828.001   261902.003   261986.001   262586.018
   390:   263039.003   263045.016   263095.026   266251.001   266388.003
   395:   266600.001   266909.003   268552.001   269152.018   269194.003
   400:   269200.016   269250.026   271848.001   272394.003   272819.001
   405:   273101.003   275772.001   276057.003   276452.001   276510.003
   410:   276545.001   276727.003   276886.001   276924.003   276988.001
   415:   277068.003   277132.001   277179.003   277658.001   277712.003
   420:   279853.001   280299.003   286485.001   286904.003   286921.001
   425:   287521.018   287726.003   287732.016   287782.026   290308.001
   430:   290386.003   290459.001   290552.003   290669.001   290865.003
   435:   292058.001   292079.003   292296.001   292316.003   292411.001
   440:   292659.003   292662.001   292768.003   293464.001   293525.003
   445:   293611.001   293655.003   293689.001   293762.003   293800.001
   450:   294400.018   294483.003   294487.001   294489.016   294539.026
   455:   294725.003   296612.001   296810.003   296859.001   296920.003
   460:   297132.001   297655.003   297906.001   297996.003   298075.001
   465:   298326.003   299352.001   299412.003   299427.001   299473.003
   470:   299539.001   299558.003   299725.001   300325.018   301000.003
   475:   301006.016   301056.026   301072.001   301377.003   302518.001
   480:   302819.003   302845.001   302943.003   302962.001   303003.003
   485:   303081.001   303217.003   303271.001   303295.003   303338.001
   490:   303366.003   303714.001   303733.003   303762.001   303898.003
   495:   305833.001   305959.003   305985.001   306073.003   306160.001
   500:   306549.003   306698.001   307091.003   308096.001   308389.003
   505:   309846.001   310357.003   310377.001   310449.003   312855.001
   510:   313235.003   314137.001   314737.018   315176.003   315182.016
   515:   315204.001   315232.026   315252.003   316949.001   317505.003
   520:   317535.001   317822.003   318037.001   318432.003   318478.001
   525:   318539.003   318646.001   318984.003   319170.001   319362.003
   530:   319388.001   319469.003   319609.001   319757.003   319822.001
   535:   319846.003   319883.001   319905.003   321659.001   321951.003
   540:   322839.001   323439.018   323954.003   323960.016   324010.026
   545:   326210.001   326610.003   328472.001   328691.003   328908.001
   550:   329040.003   329060.001   329089.003   329108.001   329127.003
   555:   329884.001   330173.003   330174.001   330780.018   330940.003
   560:   330946.016   330962.001   330996.026   331133.003   333855.001
   565:   334090.003   335266.001   335866.018   335960.003   335966.016
   570:   335987.001   336016.026   336085.003   336111.001   336153.003
   575:   337545.001   337968.003   337991.001   338074.003   338379.001
   580:   338448.003   338451.001   338510.003   338525.001   338685.003
   585:   340877.001   340957.003   341046.001   341170.003   341256.001
   590:   341342.003   342009.001   342293.003   342337.001   342408.003
   595:   342431.001   342544.003   342560.001   342635.003   342640.001
   600:   342765.003   343749.001   344349.018   344672.003   344678.016
   605:   344690.001   344728.026   344737.003   344772.001   344792.003
   610:   346880.001   347058.003   347077.001   347127.003   347840.001
   615:   348083.003   349084.001   349139.003   349158.001   349219.003
   620:   349395.001   349537.003   349654.001   350006.003   350021.001
   625:   350525.003   351791.001   352026.003   352041.001   352296.003
   630:   353054.001   353654.018   354101.003   354107.016   354157.026
   635:   357529.001   357807.003   357828.001   357879.003   359149.001
   640:   359208.003   359216.001   359244.003   359311.001   359359.003
   645:   359383.001   359402.003   359547.001   360147.018   360281.003
   650:   360287.016   360337.026   362245.001   362845.018   363136.003
   655:   363142.016   363192.026   364958.001   365558.018   365805.003
   660:   365811.016   365861.026   367962.001   368087.003   368112.001
   665:   368156.003   370441.001   370527.003   370544.001   370599.003
   670:   372142.001   372742.018   372836.003   372842.016   372852.001
   675:   372892.026   373040.003   374914.001   375343.003   375373.001
   680:   375574.003   375885.001   376035.003   376045.001   376305.003
   685:   376324.001   376461.003   376503.001   376881.003   378370.001
   690:   378970.018   379849.003   379855.016   379867.001   379899.003
   695:   379905.026   382054.001   382125.003   382166.001   382211.003
   700:   383305.001   383393.003   383418.001   383467.003   383679.001
   705:   383710.003   383813.001   384240.003   384986.001   385531.003
   710:   385572.001   385607.003   386872.001   387472.018   387727.003
   715:   387733.016   387735.001   387744.003   387783.026   389649.001
   720:   389809.003   389823.001   389911.003   390101.001   390170.003
   725:   390714.001   390911.003   390974.001   391003.003   391167.001
   730:   391689.003   391702.001   392030.003   393578.001   394178.018
   735:   394423.003   394429.016   394449.001   394479.026   394567.003
   740:   394582.001   394647.003   396506.001   396688.003   396712.001
   745:   396809.003   396887.001   396902.003   396941.001   396963.003
   750:   397057.001   397523.003   398630.001   398884.003   398900.001
   755:   398937.003   399275.001   399655.003   400490.001   400824.003
   760:   400969.001   401499.003   401523.001   401719.003   401723.001
   765:   401772.003   403009.001   403422.003   404300.001   404900.018
   770:   405160.003   405166.016   405202.001   405216.026   405271.003
   775:   406578.001   407178.018   407431.003   407437.016   407487.026
   780:   407501.001   407550.003   408584.001   408807.003   408878.001
   785:   408998.003   409013.001   409096.003   409194.001   409297.003
   790:   409320.001   409406.003   409443.001   409492.003   410292.001
   795:   410736.003   410797.001   410873.003   411204.001   411252.003
   800:   411706.001   411801.003   411873.001   412160.003   412349.001
   805:   412480.003   412499.001   412632.003   412647.001   412704.003
   810:   412714.001   412824.003   413258.001   413295.003   413311.001
   815:   413871.003   414613.001   415213.018   415300.003   415306.016
   820:   415356.026   416732.001   417332.018   417733.003   417739.016
   825:   417789.026   417797.001   417911.003   419241.001   419824.003
   830:   419843.001   419930.003   420014.001   420034.003   420145.001
   835:   420745.018   421019.003   421025.016   421026.001   421075.026
   840:   421151.003   422318.001   422627.003   423076.001   423199.003
   845:   423220.001   423550.003   423569.001   423627.003   423665.001
   850:   423722.003   423874.001   424474.018   424605.003   424611.016
   855:   424661.026   425829.001   426429.018   426655.003   426661.016
   860:   426688.001   426711.026   426765.003   428114.001   428552.003
   865:   428602.001   428742.003   429617.001   429767.003   429777.001
   870:   429892.003   430070.001   430367.003   430371.001   430382.003
   875:   430387.001   430434.003   430850.001   431450.018   431641.003
   880:   431647.016   431693.001   431697.026   431789.003   432958.001
   885:   433558.018   433610.003   433616.016   433666.026   433682.001
   890:   433717.003   433825.001   433840.003   434180.001   434780.018
   895:   435130.003   435136.016   435186.026   435694.001   435760.003
   900:   435813.001   435839.003   435902.001   435993.003   436015.001
   905:   436093.003   436107.001   436236.003   438621.001   438869.003
   910:   439059.001   439465.003   439553.001   439630.003   441891.001
   915:   442142.003   442168.001   442297.003   443522.001   443565.003
   920:   443601.001   443641.003   443842.001   444442.018   444908.003
   925:   444914.016   444947.001   444964.026   445045.003   446628.001
   930:   446868.003   446911.001   447002.003   447070.001   447670.018
   935:   447925.003   447926.001   447931.016   447981.026   447993.003
   940:   449581.001   450181.018   450189.003   450195.016   450214.001
   945:   450245.026   450279.003   451466.001   451711.003   451729.001
   950:   451802.003   452294.001   452656.003   452717.001   452747.003
   955:   452921.001   453457.003   454982.001   455582.018   456188.003
   960:   456194.001   456194.016   456244.026   456364.003   457643.001
   965:   458243.018   458470.003   458476.016   458503.001   458526.026
   970:   458684.003   458927.001   459120.003   460491.001   460828.003
   975:   460833.001   461352.003   461458.001   461615.003   461697.001
   980:   461744.003   461760.001   461899.003   461906.001   461916.003
   985:   461931.001   461998.003   462916.001   462991.003   463126.001
   990:   463166.003   463187.001   463471.003   466090.001   466529.003
   995:   466554.001   466706.003   472604.001   472730.003   472748.001
  1000:   472802.003   474377.001   474977.018   475521.003   475522.001
  1005:   475527.016   475577.026   475684.003   477503.001   478103.018
  1010:   478544.003   478550.016   478600.026   480258.001   480858.018
  1015:   480942.003   480948.016   480974.001   480998.026   481218.003
  1020:   482731.001   483331.018   483719.003   483725.016   483732.001
  1025:   483775.026   483791.003   485352.001   485952.018   487767.003
  1030:   487773.016   487823.026   487840.001   487889.003   489197.001
  1035:   489650.003   489975.001   490575.018   490959.003   490965.016
  1040:   491015.026   491039.001   491093.003   492075.001   492394.003
  1045:   492478.001   492518.003   492641.001   493142.003   493200.001
  1050:   493800.018   493808.003   493814.016   493864.026   495441.001
  1055:   495594.003   495616.001   495722.003   498571.001   498902.003
  1060:   500016.001   500616.018   500810.003   500816.016   500820.001
  1065:   500866.026   501028.003   502343.001   502943.018   503362.003
  1070:   503368.016   503403.001   503418.026   503464.003   505398.001
  1075:   505998.018   506585.003   506591.016   506641.026   507970.001
  1080:   508226.003   508260.001   508358.003   508530.001   509130.018
  1085:   509424.003   509430.016   509480.026   510923.001   511523.018
  1090:   512630.003   512636.016   512686.026   514251.001   514780.003
  1095:   515165.001   515379.003   515397.001   515808.003   516538.001
  1100:   517138.018   517608.003   517614.016   517664.026   517711.001
  1105:   517729.003   521330.001   521930.018   521961.003   521967.016
  1110:   521995.001   522017.026   522033.003   524347.001   524596.003
  1115:   524610.001   524657.003   525875.001   526475.018   526619.003
  1120:   526625.016   526649.001   526675.026   526682.003   528025.001
  1125:   528157.003   528189.001   528299.003   528405.001   529005.018
  1130:   529147.003   529153.016   529203.026   530927.001   531527.018
  1135:   531599.003   531605.016   531619.001   531655.026   531690.003
  1140:   533492.001   534092.018   534118.003   534124.016   534174.026
  1145:   536007.001   536126.003   536152.001   536195.003   537679.001
  1150:   538196.003   539006.001   539606.018   539932.003   539938.016
  1155:   539988.026   540078.001   540145.003   541090.001   541651.003
  1160:   542008.001   542057.003   542084.001   542684.018   543064.003
  1165:   543070.016   543113.001   543120.026   543210.003   544141.001
  1170:   544448.003   544578.001   544651.003   544770.001   545370.018
  1175:   545792.003   545798.016   545832.001   545848.026   545868.003
  1180:   547343.001   547588.003   547803.001   547986.003   548005.001
  1185:   548506.003   548965.001   549275.003   550128.001   550595.003
  1190:   550650.001   550702.003   550948.001   551548.018   552218.003
  1195:   552224.016   552255.001   552274.026   552422.003   553843.001
  1200:   554443.018   554678.003   554684.016   554734.026   556550.001
  1205:   557150.018   557641.003   557647.016   557697.026   559796.001
  1210:   560396.018   560492.003   560498.016   560548.026   560555.001
  1215:   560591.003   561597.001   562197.018   562917.003   562923.016
  1220:   562973.026   565919.001   566087.003   566111.001   566162.003
  1225:   566460.001   566821.003   566839.001   567003.003   567016.001
  1230:   567099.003   567119.001   567199.003   568724.001   569324.018
  1235:   569511.003   569517.016   569549.001   569567.026   569634.003
  1240:   569658.001   569710.003   570000.001   570600.018   570758.003
  1245:   570764.016   570768.001   570814.026   570882.003   570930.001
  1250:   570963.003   571227.001   571326.003   571380.001   571739.003
  1255:   574176.001   574707.003   574745.001   574834.003   575054.001
  1260:   575239.003   575331.001   575381.003   576859.001   577459.018
  1265:   577934.003   577940.016   577965.001   577990.026   578106.003
  1270:   579530.001   580108.003   580462.001   580975.003   580995.001
  1275:   581012.003   582122.001   582722.018   583033.003   583038.001
  1280:   583039.016   583089.026   583204.003   584395.001   584684.003
  1285:   584720.001   585161.003   585227.001   585293.003   585367.001
  1290:   585478.003   585530.001   586130.018   586292.003   586298.016
  1295:   586313.001   586348.026   586482.003   589057.001   589366.003
  1300:   590106.001   590582.003   590589.001   590906.003   590976.001
  1305:   591071.003   591092.001   591141.003   591299.001   591441.003
  1310:   591450.001   591552.003   591641.001   591743.003   591791.001
  1315:   592152.003   592175.001   592250.003   593477.001   594077.018
  1320:   594603.003   594609.016   594659.026   596339.001   596939.018
  1325:   597115.003   597121.001   597121.016   597171.026   597229.003
  1330:   598201.001   598508.003   598551.001   598601.003   600857.001
  1335:   601105.003   601672.001   602272.018   602719.003   602721.001
  1340:   602725.016   602775.026   603095.003   605091.001   605691.018
  1345:   605920.003   605926.016   605976.026   607593.001   608146.003
  1350:   608184.001   608207.003   608459.001   609053.003   610534.001
  1355:   611134.018   611176.003   611182.016   611232.026   613507.001
  1360:   613939.003   613958.001   614558.018   615190.003   615196.016
  1365:   615246.026   617393.001   617993.018   618176.003   618182.016
  1370:   618232.026   619160.001   619760.018   620111.003   620117.016
  1375:   620167.026   621467.001   622067.018   622863.003   622869.016
  1380:   622919.026   625723.001   625964.003   626200.001   626800.018
  1385:   626826.003   626832.016   626882.026   628471.001   629071.018
  1390:   629073.003   629079.016   629129.026   630475.001   631075.018
  1395:   631367.003   631373.016   631423.026   633349.001   633372.003
  1400:   633452.001   633564.003   633597.001   633655.003   633797.001
  1405:   633947.003   634884.001   635285.003   635758.001   635864.003
  1410:   635996.001   636596.018   636955.003   636961.016   636973.001
  1415:   636989.003   637011.026   638428.001   639028.018   639154.003
  1420:   639160.016   639210.026   640574.001   641174.018   641517.003
  1425:   641523.016   641573.026   642928.001   643220.003   643251.001
  1430:   643279.003   643647.001   644043.003   644591.001   645015.003
  1435:   645288.001   645888.018   645943.003   645949.016   645999.026
  1440:   647808.001   648408.018   648891.003   648897.016   648947.026
  1445:   649945.001   650545.018   651162.003   651168.016   651218.026
  1450:   652735.001   653297.003   654583.001   655183.018   655438.003
  1455:   655444.016   655494.026   657012.001   657308.003   658425.001
  1460:   659025.018   659040.003   659046.016   659049.001   659096.026
  1465:   659123.003   659131.001   659138.003   659157.001   659201.003
  1470:   660938.001   661510.003   661543.001   661570.003   661893.001
  1475:   661984.003   661991.001   662000.003   662002.001   662286.003
  1480:   662394.001   662437.003   662478.001   662664.003   662684.001
  1485:   663284.018   663912.003   663918.016   663968.026   666417.001
  1490:   666844.003   667986.001   668586.018   669152.003   669158.016
  1495:   669208.026   670707.001   671307.018   671735.003   671741.016
  1500:   671791.026   673956.001   674367.003   674627.001   675227.018
  1505:   675632.003   675638.016   675688.026   677602.001   678202.018
  1510:   678636.003   678642.016   678692.026   705479.002   705613.004
  1515:   705644.002   706144.004   706183.002   706418.004   711583.002
  1520:   711797.004   711914.002   714869.004   717029.002   719516.004
  1525:   759828.001   760428.018   760474.003   760480.016   760530.026
  1530:   760531.001   761020.003   761045.001   761138.003   767864.001
  1535:   768180.003   770115.001   770448.003   772078.001   772367.003
  1540:   774546.001   774983.003   775119.001   775391.003   777189.001
  1545:   777789.018   777973.003   777979.016   777996.001   778029.026
  1550:   778196.003   781482.001   782014.003   783772.001   784372.018
  1555:   784496.003   784502.016   784552.026   784597.001   784621.003
  1560:   786767.001   787367.018   787641.003   787647.016   787697.026
  1565:   789806.001   790315.003   790332.001   790524.003   791688.001
  1570:   792144.003   792171.001   792510.003   793523.001   794123.018
  1575:   794701.003   794707.016   794757.026   796721.001   797321.018
  1580:   797491.003   797497.016   797532.001   797547.026   797568.003
  1585:   799803.001   800403.018   801594.003   801600.016   801650.026
  1590:   805258.001   805534.003   806277.001   806877.018   807296.003
  1595:   807302.016   807352.026   809277.001   809877.018   810426.003
  1600:   810432.016   810482.026   811994.001   812594.018   813206.003
  1605:   813212.016   813262.026   815454.001   816054.018   816913.003
  1610:   816919.016   816969.026   819418.001   819947.003   821779.001
  1615:   821996.003   822148.001   822748.018   822927.003   822933.016
  1620:   822983.026   823065.001   823147.003   824323.001   824923.018
  1625:   825974.003   825980.016   826030.026   827040.001   827640.018
  1630:   828110.003   828116.016   828166.026   829397.001   829939.003
  1635:   830021.001   830621.018   830997.003   831003.016   831042.001
  1640:   831053.026   831128.003   833351.001   833587.003   833927.001
  1645:   834082.003   834086.001   834689.018   835145.003   835151.016
  1650:   835201.026   837647.001   838001.003   838029.001   838629.018
  1655:   838690.003   838696.016   838746.026   840321.001   840921.018
  1660:   841233.003   841239.016   841289.026   842490.001   843090.018
  1665:   843659.003   843665.016   843715.026   843728.001   843809.003
  1670:   845814.001   846040.003   846271.001   846818.003   846831.001
  1675:   847290.003   847946.001   848546.018   849227.003   849233.016
  1680:   849245.001   849283.026   849383.003   851189.001   851693.003
  1685:   852001.001   852601.018   852876.003   852882.016   852932.026
  1690:   854224.001   854345.003   854352.001   854952.018   854977.003
  1695:   854983.016   854992.001   855033.026   855263.003   857219.001
  1700:   857819.018   857906.003   857912.016   857916.001   857962.026
  1705:   858180.003   861935.001   862489.003   862853.001   863453.018
  1710:   863471.003   863477.016   863527.026   863546.001   863666.003
  1715:   863745.001   863757.003   864084.001   864125.003   864129.001
  1720:   864588.003   864999.001   865599.018   866152.003   866158.016
  1725:   866208.026   869323.001   869923.018   870495.003   870501.016
  1730:   870551.026   876193.001   876344.003   879599.001   879842.003
  1735:   879861.001   880461.018   881030.003   881036.016   881086.026
  1740:   882915.001   883515.018   883662.003   883663.001   883668.016
  1745:   883718.026   883849.003   885609.001   886209.018   886736.003
  1750:   886742.016   886792.026   888264.001   888864.018   889058.003
  1755:   889064.016   889114.026   890601.001   891201.018   891413.003
  1760:   891419.016   891434.001   891469.026   891504.003   895739.001
  1765:   895827.003   895840.001   896193.003   896285.001   896533.003
  1770:   896825.001   897003.003   897026.001   897626.018   898204.003
  1775:   898210.016   898236.001   898260.026   898273.003   899976.001
  1780:   900576.018   900878.003   900884.016   900934.026   903070.001
  1785:   903670.018   903710.003   903716.016   903766.026   904746.001
  1790:   905346.018   906016.003   906022.016   906072.026   907901.001
  1795:   908459.003   910491.001   911083.003   911105.001   911173.003
  1800:   911385.001   911985.018   912487.003   912493.016   912543.026
  1805:   914170.001   914770.018   914915.003   914921.016   914971.026
  1810:   916179.001   916779.018   917336.003   917342.016   917392.026
  1815:   919466.001   919929.003   919981.001   920581.018   920922.003
  1820:   920928.016   920978.026   922393.001   922993.018   923267.003
  1825:   923273.016   923323.026   923342.001   923442.003   925613.001
  1830:   925742.003   925844.001   926444.018   926719.003   926725.016
  1835:   926775.026   929843.001   930443.018   931070.003   931076.016
  1840:   931126.026   932587.001   933187.018   933241.003   933247.016
  1845:   933297.026   933301.001   933483.003   934943.001   935543.018
  1850:   936836.003   936842.016   936892.026   937958.001   938558.018
  1855:   939446.003   939452.016   939502.026   940839.001   941410.003
  1860:   941428.001   941742.003   945070.001   945123.003   945138.001
  1865:   945204.003   945235.001   945835.018   945852.003   945858.016
  1870:   945908.026   949522.001   950122.018   950212.003   950218.016
  1875:   950268.026   953781.001   954381.018   954583.003   954589.016
  1880:   954639.026   957183.001   957783.018   957858.003   957864.016
  1885:   957914.026   959255.001   959855.018   959878.003   959884.016
  1890:   959934.026   962725.001   963325.018   963601.003   963607.016
  1895:   963657.026   965138.001   965738.018   966234.003   966240.016
  1900:   966290.026   968469.001   969069.018   969528.003   969534.016
  1905:   969584.026   971267.001   971528.003   971529.001   971708.003
  1910:   971723.001   972172.003   972183.001   972783.018   973027.003
  1915:   973033.016   973083.026   975079.001   975557.003   975862.001
  1920:   976462.018   977096.003   977102.016   977152.026   977155.001
  1925:   977179.003   979611.001   980063.003   980399.001   980999.018
  1930:   981659.003   981665.016   981715.026   984855.001   985455.018
  1935:   985809.003   985815.016   985865.026   987782.001   988382.018
  1940:   989096.003   989102.016   989152.026   990956.001   991220.003
  1945:   991455.001   991879.003   992006.001   992141.003   993486.001
  1950:   994086.018   994347.003   994353.016   994403.026   996317.001
  1955:   996917.018   997582.003   997588.016   997638.026   998822.001
  1960:   999183.003   999192.001   999446.003   999734.001   999958.003
  1965:   999965.001  1000565.018  1000590.003  1000596.016  1000616.001
  1970:  1000646.026  1000749.003  1007039.001  1007284.003  1011162.002
  1975:  1011827.004  1011882.002  1012544.004  1028624.002  1029178.004
  1980:  1030789.001  1031389.018  1031952.003  1031958.016  1031973.001
  1985:  1032008.026  1032411.003  1032444.001  1032991.003  1034886.001
  1990:  1035486.018  1036055.003  1036061.016  1036111.026  1037359.001
  1995:  1037959.018  1037987.003  1037993.016  1038043.026  1039399.001
  2000:  1039999.018  1040087.003  1040093.016  1040143.026  1042806.001
  2005:  1043406.018  1043967.003  1043973.016  1043987.001  1044023.026
  2010:  1044184.003  1045936.001  1046152.003  1046174.001  1046774.018
  2015:  1046989.003  1046995.016  1047045.026  1049325.001  1049632.003
  2020:  1049667.001  1050267.018  1051074.003  1051080.016  1051130.026
  2025:  1053352.001  1053928.003  1054898.001  1055498.018  1055696.003
  2030:  1055701.001  1055702.016  1055710.003  1055711.001  1055752.026
  2035:  1055926.003  1055954.001  1055978.003  1057751.001  1058351.018
  2040:  1058448.003  1058454.016  1058462.001  1058504.026  1058648.003
  2045:  1059923.001  1060523.018  1061025.003  1061031.016  1061081.026
  2050:  1062305.001  1062905.018  1064039.003  1064045.016  1064071.001
  2055:  1064095.026  1064189.003  1067151.001  1067751.018  1067994.003
  2060:  1068000.016  1068023.001  1068050.026  1068276.003  1071245.001
  2065:  1071845.018  1072458.003  1072464.016  1072514.026  1073741.001
  2070:  1074341.018  1074968.003  1074974.016  1075024.026  1076432.001
  2075:  1077032.018  1077395.003  1077401.016  1077451.026  1079693.001
  2080:  1080293.018  1080779.003  1080785.016  1080835.026  1083974.001
  2085:  1084431.003  1085038.001  1085638.018  1086517.003  1086523.016
  2090:  1086573.026  1088490.001  1088537.003  1088653.001  1088680.003
  2095:  1093583.001  1094183.018  1095298.003  1095304.016  1095354.026
  2100:  1100130.001  1100730.018  1101208.003  1101214.016  1101264.026
  2105:  1103452.001  1104052.003  1104058.016  1104089.001  1104108.026
  2110:  1104288.003  1105622.001  1106222.018  1106353.003  1106359.016
  2115:  1106409.026  1107573.001  1108173.018  1109276.003  1109282.016
  2120:  1109332.026  1112623.001  1113223.018  1113481.003  1113487.016
  2125:  1113537.026  1116146.001  1116746.018  1117000.003  1117006.016
  2130:  1117056.026  1119156.001  1119707.003  1122561.001  1123161.018
  2135:  1123855.003  1123861.016  1123911.026  1125292.001  1125892.018
  2140:  1126525.003  1126531.016  1126581.026  1127419.001  1128019.018
  2145:  1128313.003  1128319.016  1128347.001  1128369.026  1128779.003
  2150:  1130226.001  1130826.018  1131615.003  1131621.016  1131671.026
  2155:  1133606.001  1134206.018  1134336.003  1134342.016  1134392.026
  2160:  1136119.001  1136719.018  1137347.003  1137353.016  1137403.026
  2165:  1138865.001  1139465.018  1140228.003  1140234.016  1140284.026
  2170:  1142208.001  1142791.003  1144417.001  1144932.003  1145350.001
  2175:  1145950.018  1146228.003  1146234.016  1146242.001  1146284.026
  2180:  1146435.003  1148764.001  1148915.003  1148943.001  1149543.018
  2185:  1150071.003  1150077.016  1150127.026  1152022.001  1152622.018
  2190:  1153076.003  1153082.016  1153132.026  1155256.001  1155615.003
  2195:  1156056.001  1156656.018  1156991.003  1156997.016  1157047.026
  2200:  1158169.001  1158769.018  1159174.003  1159180.016  1159210.001
  2205:  1159230.026  1159456.003  1161598.001  1162198.018  1162603.003
  2210:  1162609.016  1162659.026  1164887.001  1165487.018  1165621.003
  2215:  1165627.016  1165677.026  1170443.001  1170504.003  1171105.001
  2220:  1171608.003  1171670.001  1171699.003  1171734.001  1172334.018
  2225:  1173137.003  1173143.016  1173193.026  1174790.001  1175390.018
  2230:  1175443.003  1175449.016  1175499.026  1180604.001  1181204.018
  2235:  1181360.003  1181366.016  1181376.001  1181416.026  1181457.003
  2240:  1183935.001  1184535.018  1184811.003  1184817.016  1184867.026
  2245:  1235898.001  1236498.018  1237046.003  1237052.016  1237102.026
  2250:  1237115.001  1237715.018  1237753.003  1237759.016  1237809.026
  2255:  1237836.001  1237925.003  1244191.001  1244791.018  1245028.003
  2260:  1245034.016  1245084.026  1250926.001  1251476.003  1255709.001
  2265:  1256106.003  1256125.001  1256725.018  1256757.003  1256763.016
  2270:  1256813.026  1261908.001  1262508.018  1263127.003  1263133.016
  2275:  1263183.026  1268809.001  1268883.003  1268922.001  1269522.018
  2280:  1269552.003  1269558.016  1269608.026  1269621.001  1269698.003
  2285:  1273993.001  1274593.018  1275171.003  1275177.016  1275227.026
  2290:  1276874.001  1277474.018  1277925.003  1277931.016  1277981.026
  2295:  1283681.001  1284281.018  1284684.003  1284690.016  1284740.026
  2300:  1286985.001  1287585.018  1288331.003  1288337.016  1288387.026
  2305:  1290463.001  1291063.018  1291760.003  1291766.016  1291816.026
  2310:  1293221.001  1293821.018  1295498.003  1295504.016  1295543.001
  2315:  1295554.026  1295603.003  1297992.001  1298592.018  1298926.003
  2320:  1298932.016  1298982.026  1301165.001  1301483.003  1301522.001
  2325:  1302122.018  1302351.003  1302357.016  1302407.026  1304589.001
  2330:  1305189.018  1305571.003  1305577.016  1305590.001  1305627.026
  2335:  1305664.003  1308247.001  1308847.018  1309287.003  1309293.016
  2340:  1309343.026  1309352.001  1309469.003  1311336.001  1311936.018
  2345:  1312472.003  1312478.016  1312513.001  1312528.026  1312619.003
  2350:  1316601.001  1317201.018  1317845.003  1317851.016  1317901.026
  2355:  1320738.001  1321338.018  1321537.003  1321543.016  1321593.026
  2360:  1323764.001  1324364.018  1324669.003  1324675.016  1324718.001
  2365:  1324725.026  1324821.003  1327592.001  1328192.018  1328684.003
  2370:  1328690.016  1328740.026  1329915.001  1330515.018  1330666.003
  2375:  1330672.016  1330702.001  1330722.026  1330871.003  1332971.001
  2380:  1333571.018  1333854.003  1333860.016  1333888.001  1333910.026
  2385:  1334027.003  1339539.001  1340139.018  1340416.003  1340422.016
  2390:  1340472.026  1342691.001  1343291.018  1343621.003  1343627.016
  2395:  1343677.026  1345448.001  1345878.003  1345893.001  1346281.003
  2400:  1346318.001  1346509.003  1351629.001  1352229.018  1352422.003
  2405:  1352428.016  1352478.026  1354811.001  1355411.018  1355547.003
  2410:  1355553.016  1355603.026  1357921.001  1358521.018  1359149.003
  2415:  1359155.016  1359205.026  1362087.001  1362687.018  1362906.003
  2420:  1362912.016  1362962.026  1365766.001  1366366.018  1366694.003
  2425:  1366700.016  1366750.026  1376345.001  1376945.018  1377004.003
  2430:  1377010.016  1377060.026  1416222.001  1416822.018  1417281.003
  2435:  1417287.016  1417337.026  1417610.001  1418210.018  1418542.003
  2440:  1418548.016  1418598.026  1427837.001  1428437.018  1428479.003
  2445:  1428485.016  1428535.026  1435056.001  1435448.003  1439694.001
  2450:  1440294.018  1440618.003  1440624.016  1440674.026  1446526.002
  2455:  1447461.004  1448270.002  1448390.004
B:
     0:        0.000      846.000       26.000      846.000       26.000
     5:        0.000        0.000        0.000        0.000        0.000
    10:        0.000        1.000        0.000        0.000        0.000
    15:        0.000      238.000        0.000      237.000        0.000
    20:        0.000        0.000        0.000        0.000        0.000
    25:        0.000      238.000        0.000        0.000        0.000
    30:        0.000
D:
     0:  1516746.000  1515823.000  1516747.000
E:
     0:      600.000      600.000
T:
     0:        0.000        0.000        0.000        0.000
