File: C:\MED-PC IV\Data\Diego\AB\AB1064.999


Start Date: 08/09/14
End Date: 08/09/14
Subject: 64
Experiment: AB
Group: learn
Box: 1
Start Time: 10:48:20
End Time: 11:38:19
MSN: DRRD_no_phase_back
C:       0.000
F:       5.000
G:       0.000
H:       0.000
I:       0.000
J:       0.000
K:      12.000
L:       0.000
M:       0.000
N:       0.000
O:       0.000
P:       0.000
Q:       0.000
R:       0.000
S:       0.000
U:    2176.000
V:       0.000
W:       0.000
X:       0.000
Y:    1875.000
Z:       0.000
A:
     0:     2152.001      877.003      896.001     1030.003     3342.002
     5:     3638.004     4593.001     5882.003     6503.001     7388.003
    10:     7433.001     7544.003     7546.001     7562.003     7563.001
    15:     7789.003    15000.011    15179.002    15401.004    15455.002
    20:    15723.004    16156.001    16512.003    17059.001    17153.003
    25:    17167.001    17365.003    17390.001    17990.018    18437.003
    30:    18443.016    18493.026    20284.001    20413.003    20415.001
    35:    21020.018    21069.003    21075.016    21125.026    22219.001
    40:    22819.018    23086.003    23092.016    23142.026    24844.001
    45:    25252.003    25273.001    25381.003    26028.001    26568.003
    50:    28436.001    29036.018    29723.003    29729.016    29779.026
    55:    31579.001    32179.018    32381.003    32387.016    32437.026
    60:    33180.001    33780.018    34027.003    34033.016    34083.026
    65:    35971.001    36473.003    36745.001    37345.018    37728.003
    70:    37734.016    37784.026    39315.001    39371.003    39482.001
    75:    39558.003    39560.001    40165.018    40168.003    40174.016
    80:    40224.026    41971.002    42958.004    43066.002    43155.004
    85:    43817.001    43915.003    44384.001    44500.003    44535.001
    90:    44682.003    44701.001    45301.018    45336.003    45342.016
    95:    45353.001    45392.026    45532.003    45586.001    45682.003
   100:    45756.001    46192.003    47643.001    48243.018    48731.003
   105:    48737.016    48787.026    50301.001    50901.018    51119.003
   110:    51125.016    51175.026    52971.001    53571.018    54046.003
   115:    54052.016    54058.001    54102.026    54181.003    54961.001
   120:    55561.018    55797.003    55803.016    55853.026    57485.001
   125:    58085.018    58528.003    58534.016    58584.026    59414.001
   130:    60014.018    60094.003    60100.016    60118.001    60150.026
   135:    60413.003    62061.001    62222.003    62258.001    62389.003
   140:    62425.001    63025.018    63036.003    63042.016    63092.026
   145:    66361.001    66772.003    66778.001    67165.003    67859.001
   150:    68459.018    68782.003    68787.001    68788.016    68838.026
   155:    68865.003    70964.001    71564.018    72335.003    72341.016
   160:    72391.026    74556.002    74855.004    75247.002    75780.004
   165:    76991.001    77591.018    78493.003    78499.016    78549.026
   170:    79696.001    80296.018    80585.003    80591.016    80641.026
   175:    85566.001    86149.003    87129.001    87149.003    87198.001
   180:    87231.003    87558.001    87718.003    87736.001    88336.018
   185:    88701.003    88707.016    88757.026    90589.001    90759.003
   190:    90765.001    91366.018    91445.003    91451.016    91476.001
   195:    91501.026    91898.003    92486.001    92560.003    92623.001
   200:    93223.018    93905.003    93911.016    93954.001    93961.026
   205:    94217.003    96213.001    96414.003    96426.001    97026.018
   210:    97124.003    97130.016    97139.001    97180.026    97376.003
   215:    99288.001    99302.003    99737.001   100329.003   100410.001
   220:   101010.018   101031.003   101037.016   101087.026   103704.001
   225:   104304.018   104383.003   104389.016   104397.001   104439.026
   230:   104457.003   105937.001   106537.018   107602.003   107608.016
   235:   107658.026   109968.001   110005.003   111252.001   111585.003
   240:   112699.001   112729.003   113040.001   113151.003   113228.001
   245:   113828.018   114417.003   114423.016   114473.026   116628.001
   250:   116697.003   116787.001   117387.018   117747.003   117753.016
   255:   117803.026   131270.001   131521.003   131543.001   131637.003
   260:   131660.001   132160.003   132162.001   132436.003   133545.001
   265:   133600.003   134116.001   134157.003   136796.001   137029.003
   270:   137074.001   137674.018   137781.003   137787.016   137818.001
   275:   137837.026   138318.003   140243.001   140843.018   141465.003
   280:   141471.016   141521.026   145134.001   145193.003   145326.001
   285:   145926.018   146105.003   146111.016   146161.026   147706.001
   290:   148306.018   148359.003   148365.016   148415.026   149742.001
   295:   150342.018   150536.003   150542.016   150592.026   152095.001
   300:   152695.018   152777.003   152783.016   152833.026   157245.001
   305:   157491.003   158796.001   159396.018   159626.003   159632.016
   310:   159682.026   161485.001   161670.003   161671.001   162277.018
   315:   162794.003   162800.016   162850.026   165772.001   165821.003
   320:   165873.001   165932.003   165947.001   166547.018   166645.003
   325:   166651.016   166701.026   169209.001   169272.003   169380.001
   330:   169410.003   169552.001   170152.018   176897.003   176903.016
   335:   176953.026   178854.001   179347.003   180388.001   180402.003
   340:   180618.001   180669.003   180703.001   180763.003   180851.001
   345:   181451.018   181539.003   181545.016   181595.026   183749.001
   350:   183801.003   183830.001   184430.018   184852.003   184858.016
   355:   184908.026   186662.001   187262.018   187323.003   187329.016
   360:   187379.026   189044.001   189644.018   189863.003   189869.016
   365:   189919.026   191153.001   191753.018   191990.003   191996.016
   370:   192046.026   193384.001   193984.018   194140.003   194146.016
   375:   194185.001   194196.026   194357.003   195741.001   196341.018
   380:   196679.003   196685.016   196735.026   200041.001   200075.003
   385:   200228.001   200828.018   200859.003   200865.016   200915.026
   390:   201941.001   202333.003   202401.001   202442.003   203865.001
   395:   204271.003   205829.001   206002.003   206456.001   207056.018
   400:   207321.003   207327.016   207377.026   209269.001   209348.003
   405:   209620.001   210220.018   210444.003   210450.016   210500.026
   410:   211566.001   212166.018   212619.003   212625.016   212675.026
   415:   213820.001   214399.003   214420.001   214600.003   215608.001
   420:   216208.018   216301.003   216307.016   216357.026   217353.001
   425:   217604.003   217647.001   217976.003   217980.001   218236.003
   430:   218251.001   218814.003   220181.001   220781.018   221748.003
   435:   221754.016   221804.026   224842.001   225442.018   225673.003
   440:   225679.016   225729.026   227083.001   227402.003   227473.001
   445:   227516.003   227966.001   228566.018   228966.003   228972.016
   450:   229022.026   230068.001   230668.018   231103.003   231109.016
   455:   231159.026   233407.001   233789.003   234094.001   234694.018
   460:   234837.003   234843.016   234853.001   234893.026   234916.003
   465:   237253.001   237853.018   237913.003   237919.016   237969.026
   470:   238796.001   239396.018   239800.003   239806.016   239856.026
   475:   239913.001   239975.003   244282.001   244303.003   244373.001
   480:   244498.003   244547.001   245147.018   245153.003   245159.016
   485:   245209.026   246960.001   247560.018   248053.003   248059.016
   490:   248065.001   248100.003   248109.026   249486.001   250086.018
   495:   251366.003   251372.016   251401.001   251422.026   251471.003
   500:   254214.001   254814.018   254935.003   254941.016   254991.026
   505:   256486.001   256691.003   256719.001   257319.018   257442.003
   510:   257448.016   257498.026   259816.001   259911.003   259934.001
   515:   259992.003   261190.001   261790.018   262121.003   262127.016
   520:   262177.026   263963.001   264563.018   264827.003   264833.016
   525:   264883.026   266818.001   267244.003   268125.001   268217.003
   530:   268222.001   268824.018   268994.003   269000.016   269050.026
   535:   270093.001   270693.018   271998.003   272004.016   272054.026
   540:   273432.001   274032.018   274415.003   274417.001   274421.016
   545:   274471.026   274806.003   277912.001   278512.018   278913.003
   550:   278919.016   278969.026   280413.001   281013.018   281139.003
   555:   281145.016   281195.026   282801.001   283182.003   283192.001
   560:   283558.003   285774.001   286374.018   286757.003   286763.016
   565:   286813.026   288788.001   289388.018   290271.003   290277.016
   570:   290285.001   290327.026   290397.003   294388.001   294988.018
   575:   295364.003   295370.016   295420.026   302011.001   302611.018
   580:   302899.003   302905.016   302955.026   304454.001   305054.018
   585:   305951.003   305957.016   306007.026   307223.001   307823.018
   590:   308297.003   308303.016   308325.001   308353.026   308391.003
   595:   311198.001   311798.018   311952.003   311958.016   312008.026
   600:   317880.001   318480.018   318624.003   318630.016   318680.026
   605:   319803.001   320120.003   320203.001   320803.018   322012.003
   610:   322018.016   322068.026   324247.001   324847.018   324875.003
   615:   324881.016   324931.026   333160.001   333288.003   333415.001
   620:   333589.003   335580.001   336180.018   336530.003   336536.016
   625:   336586.026   338687.001   339022.003   339173.001   339206.003
   630:   339366.001   339966.018   340118.003   340124.016   340174.026
   635:   341981.001   342581.018   342927.003   342933.016   342983.026
   640:   344312.001   344911.003   344937.001   345079.003   346746.001
   645:   347346.018   347739.003   347745.016   347795.026   349522.001
   650:   349783.003   350144.001   350705.003   352599.001   353199.018
   655:   353573.003   353579.016   353629.026   356429.001   356469.003
   660:   356534.001   356782.003   356799.001   357399.018   357617.003
   665:   357622.001   357623.016   357673.026   357785.003   359259.001
   670:   359859.018   359952.003   359958.016   360008.026   361549.001
   675:   362149.018   362490.003   362496.016   362546.026   365041.001
   680:   365339.003   366300.001   366356.003   366963.001   367563.018
   685:   368132.003   368135.001   368138.016   368188.026   368371.003
   690:   369833.001   370433.018   371108.003   371114.016   371164.026
   695:   372544.001   373144.018   373762.003   373768.016   373773.001
   700:   373818.026   373904.003   375321.001   375593.003   375636.001
   705:   376236.018   376447.003   376453.016   376503.026   378455.001
   710:   379055.018   379301.003   379307.016   379357.026   380631.001
   715:   381231.018   381863.003   381869.016   381886.001   381919.026
   720:   381936.003   383475.001   383657.003   383702.001   384302.018
   725:   384565.003   384571.016   384621.026   386404.001   386597.003
   730:   386600.001   387204.018   387262.003   387268.016   387318.026
   735:   389898.001   390390.003   391433.001   391479.003   391555.001
   740:   391582.003   391624.001   392220.003   394149.001   394749.018
   745:   395183.003   395189.016   395239.026   396334.001   396822.003
   750:   396889.001   396951.003   397082.001   397682.018   397855.003
   755:   397861.016   397911.026   399258.001   399858.018   400897.003
   760:   400903.016   400953.026   402936.001   403536.018   403872.003
   765:   403878.016   403928.026   404762.001   405362.018   406045.003
   770:   406051.016   406101.026   407223.001   407823.018   408424.003
   775:   408430.016   408480.026   409621.001   410221.018   410736.003
   780:   410742.016   410792.026   416325.001   416925.018   417787.003
   785:   417793.016   417843.026   419417.001   419789.003   419803.001
   790:   420284.003   421655.001   421946.003   421964.001   422564.018
   795:   423231.003   423237.016   423287.026   424747.001   425347.018
   800:   425711.003   425717.016   425767.026   427095.001   427695.018
   805:   429249.003   429255.016   429305.026   431487.001   431550.003
   810:   431595.001   432195.018   432306.003   432312.016   432362.026
   815:   434014.001   434614.018   434812.003   434818.016   434868.026
   820:   436567.001   436670.003   436694.001   437294.018   437311.003
   825:   437317.016   437367.026   438504.001   438553.003   438725.001
   830:   439104.003   439197.001   439797.018   439952.003   439958.016
   835:   440008.026   442088.001   442688.018   443334.003   443340.016
   840:   443390.026   446152.001   446752.018   447309.003   447315.016
   845:   447365.026   449103.001   449703.018   449844.003   449850.016
   850:   449900.026   451023.001   451623.018   452320.003   452326.016
   855:   452376.026   453577.001   454177.018   456433.003   456439.016
   860:   456489.026   459506.001   460106.018   460235.003   460241.016
   865:   460291.026   461594.001   462194.018   462578.003   462584.016
   870:   462634.026   464316.001   464578.003   464864.001   465464.018
   875:   465476.003   465482.016   465532.026   467063.001   467663.018
   880:   468075.003   468081.016   468131.026   471930.001   472075.003
   885:   472991.001   473591.018   473737.003   473743.016   473793.026
   890:   476976.001   477576.018   477639.003   477645.016   477695.026
   895:   480971.001   481487.003   481489.001   481716.003   482504.001
   900:   483104.018   483438.003   483444.016   483494.026   484841.001
   905:   485365.003   485384.001   485946.003   488133.001   488733.018
   910:   488840.003   488846.016   488896.026   492216.001   492244.003
   915:   492312.001   492370.003   492543.001   492733.003   492797.001
   920:   493397.018   493668.003   493674.016   493724.026   495351.001
   925:   495815.003   497591.001   497609.003   497668.001   497713.003
   930:   498048.001   498086.003   498201.001   498801.018   499211.003
   935:   499217.016   499267.026   500636.001   501236.018   501425.003
   940:   501431.016   501481.026   502691.001   503291.018   504234.003
   945:   504240.016   504290.026   505926.001   506526.018   506902.003
   950:   506908.016   506958.026   508760.001   509360.018   509685.003
   955:   509691.016   509741.026   511371.001   511971.018   512262.003
   960:   512268.016   512318.026   513560.001   514160.018   514703.003
   965:   514709.016   514759.026   519733.001   519860.003   520038.001
   970:   520638.018   521196.003   521202.016   521252.026   522956.001
   975:   523409.003   523556.001   523586.003   524018.001   524618.018
   980:   524723.003   524729.016   524779.026   527500.001   527534.003
   985:   527545.001   528145.018   528334.003   528340.016   528348.001
   990:   528390.026   528405.003   529364.001   529964.018   530947.003
   995:   530953.016   531003.026   532112.001   532712.018   533755.003
  1000:   533761.016   533811.026   535563.001   536163.018   536765.003
  1005:   536771.016   536821.026   538472.001   538837.003   539534.001
  1010:   540134.018   540475.003   540481.016   540531.026   542984.001
  1015:   543584.018   543611.003   543617.016   543667.026   544918.001
  1020:   545518.018   545711.003   545717.016   545767.026   550388.001
  1025:   550533.003   550535.001   551140.018   551296.003   551302.016
  1030:   551352.026   552964.001   553564.018   553955.003   553961.016
  1035:   554011.026   555656.001   556256.018   556646.003   556652.016
  1040:   556702.026   559535.001   560135.018   560508.003   560514.016
  1045:   560564.026   563233.001   563451.003   563488.001   563533.003
  1050:   563542.001   564142.018   564199.003   564205.016   564255.026
  1055:   566082.001   566682.018   567422.003   567428.016   567478.026
  1060:   569222.001   569357.003   569384.001   569984.018   570008.003
  1065:   570014.016   570047.001   570064.026   570093.003   571816.001
  1070:   572416.018   572714.003   572719.001   572720.016   572770.026
  1075:   572816.003   575966.001   576005.003   576046.001   576088.003
  1080:   576350.001   576768.003   576788.001   577332.003   579117.001
  1085:   579717.018   580044.003   580050.016   580100.026   580988.001
  1090:   581588.018   582093.003   582099.016   582149.026   583788.001
  1095:   584388.018   584574.003   584580.016   584596.001   584630.026
  1100:   584647.003   586284.001   586884.018   587187.003   587193.016
  1105:   587243.026   589245.001   589845.018   589906.003   589912.016
  1110:   589962.026   591518.001   592118.018   592786.003   592792.016
  1115:   592842.026   595023.001   595623.018   595806.003   595812.016
  1120:   595862.026   597850.001   598450.018   598951.003   598957.016
  1125:   599007.026   600961.001   601561.018   601926.003   601932.016
  1130:   601982.026   649890.001   650490.018   650677.003   650683.016
  1135:   650733.026   655648.001   656248.018   656294.003   656300.016
  1140:   656350.026   659253.001   659853.018   660169.003   660175.016
  1145:   660225.026   664267.001   664369.003   665884.001   666484.018
  1150:   666889.003   666895.016   666945.026   668976.001   669132.003
  1155:   669170.001   669309.003   669349.001   669949.018   670045.003
  1160:   670051.016   670101.026   673006.001   673168.003   673551.001
  1165:   673932.003   675149.001   675749.018   676581.003   676587.016
  1170:   676637.026   679155.001   679755.018   679909.003   679915.016
  1175:   679961.001   679965.026   679982.003   682580.001   683180.018
  1180:   683608.003   683614.016   683664.026   686293.001   686442.003
  1185:   686445.001   687049.018   687188.003   687194.016   687244.026
  1190:   690077.001   690677.018   690924.003   690930.016   690980.026
  1195:   693575.001   694175.018   694458.003   694464.016   694514.026
  1200:   696828.001   697428.018   697548.003   697554.016   697604.026
  1205:   700076.001   700344.003   700586.001   700703.003   701989.001
  1210:   702589.018   703150.003   703156.016   703206.026   707432.001
  1215:   708032.018   708656.003   708662.016   708712.026   713614.001
  1220:   714214.018   714707.003   714713.016   714763.026   716894.001
  1225:   717065.003   717151.001   717169.003   717388.001   717988.018
  1230:   718405.003   718411.016   718461.026   721441.001   722041.018
  1235:   722733.003   722739.016   722789.026   726283.001   726883.018
  1240:   727145.003   727151.016   727201.026   733137.001   733737.018
  1245:   734063.003   734069.016   734119.026   736781.001   737381.018
  1250:   738498.003   738504.016   738554.026   742844.001   743444.018
  1255:   743823.003   743829.016   743879.026   746243.001   746843.018
  1260:   747251.003   747257.016   747307.026   750196.001   750796.018
  1265:   751036.003   751042.016   751092.026   754260.001   754450.003
  1270:   754477.001   755077.018   755444.003   755450.016   755500.026
  1275:   758091.001   758691.018   759050.003   759056.016   759106.026
  1280:   773097.001   773697.018   773731.003   773737.016   773787.026
  1285:   773805.001   773859.003   777459.001   777989.003   778018.001
  1290:   778043.003   779261.001   779861.018   780138.003   780144.016
  1295:   780173.001   780194.026   780219.003   782287.001   782887.018
  1300:   783221.003   783227.016   783277.026   787563.001   787572.003
  1305:   787983.001   788583.018   788700.003   788706.016   788756.026
  1310:   790768.001   790783.003   790786.001   790801.003   791385.001
  1315:   791985.018   792280.003   792286.016   792327.001   792336.026
  1320:   792360.003   795337.001   795472.003   795494.001   795544.003
  1325:   795714.001   796314.018   796396.003   796402.016   796452.026
  1330:   799491.001   800091.018   800531.003   800537.016   800587.026
  1335:   803103.001   803564.003   803580.001   803645.003   804100.001
  1340:   804700.018   804871.003   804877.016   804927.026   810682.001
  1345:   810768.003   810830.001   810874.003   810922.001   811522.018
  1350:   811944.003   811950.016   812000.026   813966.001   814566.018
  1355:   814935.003   814941.016   814956.001   814991.026   815036.003
  1360:   817749.001   818349.018   818846.003   818852.016   818902.026
  1365:   822040.001   822640.018   822805.003   822811.016   822861.026
  1370:   824790.001   825390.018   825988.003   825994.016   826044.026
  1375:   828441.001   829041.018   829184.003   829190.016   829240.026
  1380:   832939.001   833191.003   838797.001   839397.018   839577.003
  1385:   839583.016   839633.026   842942.001   843542.018   843795.003
  1390:   843801.016   843851.026   846429.001   847029.018   848261.003
  1395:   848267.016   848317.026   851328.001   851928.018   852118.003
  1400:   852124.016   852174.026   854950.001   855200.003   855223.001
  1405:   855823.018   856202.003   856208.016   856258.026   858444.001
  1410:   859044.018   859324.003   859330.016   859380.026   861283.001
  1415:   861883.018   861904.003   861910.016   861960.026   864951.001
  1420:   865140.003   865184.001   865784.018   865867.003   865873.016
  1425:   865923.026   868005.001   868605.018   868828.003   868834.016
  1430:   868884.026   874286.001   874456.003   875753.001   876353.018
  1435:   876624.003   876630.016   876680.026   878260.001   878853.003
  1440:   880472.001   881072.018   881115.003   881121.016   881171.026
  1445:   883248.001   883848.018   884041.003   884047.016   884097.026
  1450:   887164.001   887764.018   888287.003   888293.016   888343.026
  1455:   893772.001   893858.003   894190.001   894790.018   895007.003
  1460:   895013.016   895063.026   897690.001   898290.018   898304.003
  1465:   898310.016   898360.026   901369.001   901969.018   902172.003
  1470:   902178.016   902228.026   905431.001   905667.003   905691.001
  1475:   906291.018   906752.003   906758.016   906770.001   906808.026
  1480:   906880.003   909649.001   910249.018   910773.003   910779.016
  1485:   910829.026   912962.001   913562.018   913900.003   913906.016
  1490:   913956.026   916232.001   916832.018   917115.003   917121.016
  1495:   917171.026   918914.001   919514.018   919680.003   919686.016
  1500:   919736.026   921552.001   922152.018   922596.003   922602.016
  1505:   922652.026   925700.001   926300.018   926651.003   926657.016
  1510:   926707.026   929279.001   929879.018   930127.003   930133.016
  1515:   930183.026   932649.001   933249.018   933719.003   933725.016
  1520:   933775.026   936031.001   936631.018   937050.003   937056.016
  1525:   937106.026   940138.001   940738.018   941031.003   941037.016
  1530:   941087.026   943654.001   944254.018   944504.003   944510.016
  1535:   944560.026   947204.001   947804.018   947945.003   947951.016
  1540:   948001.026   953057.001   953657.018   953820.003   953826.016
  1545:   953876.026   956104.001   956704.018   956888.003   956894.016
  1550:   956944.026   959202.001   959802.018   960064.003   960070.016
  1555:   960088.001   960120.026   960158.003   962151.001   962677.003
  1560:   962707.001   963237.003   964597.001   965197.018   965572.003
  1565:   965578.016   965628.026   968173.001   968773.018   968879.003
  1570:   968885.016   968935.026   971784.001   972384.018   973012.003
  1575:   973018.016   973068.026   975975.001   976575.018   976857.003
  1580:   976863.016   976913.026   979183.001   979425.003   979450.001
  1585:   980012.003  1012245.001  1012845.018  1013216.003  1013222.016
  1590:  1013272.026  1016179.001  1016779.018  1017072.003  1017078.016
  1595:  1017128.026  1021098.001  1021698.018  1022425.003  1022431.016
  1600:  1022481.026  1024463.001  1025063.018  1025234.003  1025240.016
  1605:  1025290.026  1028148.001  1028359.003  1029802.001  1030066.003
  1610:  1031383.001  1031469.003  1031483.001  1032083.018  1032423.003
  1615:  1032429.016  1032479.026  1034680.001  1035280.018  1035598.003
  1620:  1035604.016  1035621.001  1035654.026  1035825.003  1037976.001
  1625:  1038576.018  1038970.003  1038976.016  1039026.026  1041404.001
  1630:  1041543.003  1041783.001  1041959.003  1042191.001  1042526.003
  1635:  1044187.001  1044787.018  1045142.003  1045148.001  1045148.016
  1640:  1045198.026  1045229.003  1047555.001  1048155.018  1048653.003
  1645:  1048659.016  1048678.001  1048709.026  1048873.003  1051107.001
  1650:  1051707.018  1052291.003  1052297.016  1052347.026  1054746.001
  1655:  1055346.018  1055585.003  1055591.016  1055593.001  1055641.026
  1660:  1055762.003  1058935.001  1059120.003  1059152.001  1059752.018
  1665:  1060027.003  1060033.016  1060083.026  1062858.001  1063458.018
  1670:  1064144.003  1064150.016  1064200.026  1068000.001  1068087.003
  1675:  1068104.001  1068178.003  1068193.001  1068793.018  1069078.003
  1680:  1069084.016  1069092.001  1069131.003  1069134.026  1071624.001
  1685:  1072224.018  1072806.003  1072812.016  1072862.026  1075490.001
  1690:  1076090.018  1076303.003  1076309.016  1076359.026  1078883.001
  1695:  1079483.018  1079907.003  1079913.016  1079963.026  1083166.001
  1700:  1083766.018  1084344.003  1084350.016  1084400.026  1087697.001
  1705:  1088297.018  1088779.003  1088785.016  1088835.026  1092585.001
  1710:  1092775.003  1092803.001  1093403.018  1093624.003  1093630.016
  1715:  1093680.026  1133035.002  1134552.004  1135424.001  1135909.003
  1720:  1138710.002  1139210.004  1174022.001  1174622.018  1174904.003
  1725:  1174910.016  1174960.026  1179136.001  1179736.018  1180010.003
  1730:  1180016.016  1180066.026  1183753.001  1183908.003  1183937.001
  1735:  1184222.003  1184241.001  1184475.003  1185411.001  1186011.018
  1740:  1186200.003  1186206.016  1186217.001  1186256.026  1186294.003
  1745:  1188798.001  1189398.018  1189958.003  1189964.016  1190014.026
  1750:  1193807.001  1194407.018  1194531.003  1194537.016  1194587.026
  1755:  1198466.001  1199066.018  1199612.003  1199618.016  1199668.026
  1760:  1203075.001  1203675.018  1203977.003  1203983.016  1204033.026
  1765:  1206464.001  1207064.018  1207709.003  1207715.016  1207765.026
  1770:  1211743.001  1212343.018  1212881.003  1212887.016  1212937.026
  1775:  1215968.001  1216568.018  1216991.003  1216997.016  1217047.026
  1780:  1220556.001  1221156.018  1221591.003  1221597.016  1221647.026
  1785:  1224830.001  1225430.018  1225481.003  1225487.016  1225531.001
  1790:  1225537.026  1225586.003  1228681.001  1228968.003  1229022.001
  1795:  1229059.003  1229363.001  1229963.018  1229981.003  1229987.016
  1800:  1230037.026  1235907.001  1236507.018  1236917.003  1236923.016
  1805:  1236973.026  1239969.001  1240569.018  1241007.003  1241013.016
  1810:  1241063.026  1244406.001  1245006.018  1245219.003  1245225.016
  1815:  1245262.001  1245275.026  1245324.003  1281213.001  1281813.018
  1820:  1282039.003  1282045.016  1282095.026  1286561.001  1287161.018
  1825:  1287207.003  1287213.016  1287263.026  1291093.001  1291693.018
  1830:  1292144.003  1292150.016  1292200.026  1296542.001  1297142.018
  1835:  1297285.003  1297291.016  1297341.026  1301814.001  1301919.003
  1840:  1302811.001  1302860.003  1302914.001  1303351.003  1304178.001
  1845:  1304778.018  1304946.003  1304952.016  1305002.026  1307578.001
  1850:  1308178.018  1308344.003  1308350.016  1308400.026  1314149.001
  1855:  1314749.018  1315100.003  1315106.016  1315156.026  1318238.001
  1860:  1318838.018  1319091.003  1319097.016  1319147.026  1377840.002
  1865:  1378052.004  1378131.002  1378271.004  1378292.002  1378387.004
  1870:  1390808.001  1391408.018  1392235.003  1392241.016  1392291.026
B:
     0:        0.000      508.000       12.000      508.000       12.000
     5:        0.000        0.000        0.000        0.000        0.000
    10:        0.000        1.000        0.000        0.000        0.000
    15:        0.000      278.000        0.000      278.000        0.000
    20:        0.000        0.000        0.000        0.000        0.000
    25:        0.000      278.000        0.000        0.000        0.000
    30:        0.000
D:
     0:  1394410.000  1392984.000  1394411.000
E:
     0:      600.000      600.000
T:
     0:        0.000        0.000        0.000        0.000
