File: C:\MED-PC IV\Data\Diego\AB\AB1064.999


Start Date: 08/08/14
End Date: 08/08/14
Subject: 64
Experiment: AB
Group: learn
Box: 1
Start Time:  9:32:54
End Time: 10:22:54
MSN: DRRD_no_phase_back
C:       0.000
F:       0.000
G:       0.000
H:       0.000
I:       0.000
J:       0.000
K:      12.000
L:       0.000
M:       0.000
N:       0.000
O:       0.000
P:       0.000
Q:       0.000
R:       0.000
S:       0.000
U:    1532.000
V:       0.000
W:       0.000
X:       0.000
Y:    1842.000
Z:       0.000
A:
     0:      664.001      731.003      771.001      883.003      917.001
     5:      938.003     2519.001     3370.003     3958.001     5345.003
    10:     6252.001     6522.003     6524.001     7380.003     7388.001
    15:     7508.003     7517.001     7929.003     8132.001     8685.003
    20:     8716.001     9859.003    12061.001    12557.003    12579.001
    25:    12652.003    12682.001    13438.003    13750.001    14142.003
    30:    14165.001    14235.003    14263.001    14668.003    14678.001
    35:    15000.011    15114.003    15324.001    15391.003    16932.001
    40:    17532.018    17689.003    17695.016    17745.026    18934.001
    45:    19164.003    26689.001    27029.003    27786.001    28386.018
    50:    28626.003    28632.016    28682.026    29688.001    30162.003
    55:    30190.001    30424.003    30682.001    30987.003    31755.001
    60:    32355.018    32371.003    32377.016    32427.026    33648.001
    65:    34248.018    34386.003    34392.016    34419.001    34442.026
    70:    34499.003    34539.001    34637.003    35701.001    36301.018
    75:    36959.003    36965.016    37015.026    38133.001    38733.018
    80:    38992.003    38998.016    39048.026    39609.001    40209.018
    85:    40215.003    40217.001    40221.016    40271.026    40521.003
    90:    42184.001    42342.003    42358.001    42958.018    43119.003
    95:    43125.016    43175.026    43225.001    43310.003    44575.001
   100:    45175.018    45417.003    45423.016    45473.026    46023.001
   105:    46623.018    47209.003    47215.016    47265.026    48807.001
   110:    49144.003    49184.001    49784.018    50104.003    50110.016
   115:    50160.026    50975.001    51575.018    52116.003    52122.016
   120:    52172.026    55583.001    55700.003    55720.001    55830.003
   125:    55885.001    56485.018    56820.003    56826.016    56876.026
   130:    57919.001    58519.018    59152.003    59158.016    59208.026
   135:    60330.001    60930.018    60948.003    60954.016    61004.026
   140:    61975.001    62154.003    62156.001    62761.018    63126.003
   145:    63132.016    63182.026    63993.001    64593.018    65563.003
   150:    65569.016    65619.026    66538.001    67138.018    68206.003
   155:    68212.016    68262.026    69212.001    69812.018    70880.003
   160:    70886.016    70936.026    72277.001    72877.018    73603.003
   165:    73609.016    73622.001    73638.003    73659.026    74540.001
   170:    75140.018    75385.003    75387.001    75391.016    75441.026
   175:    75617.003    76671.001    77271.018    77520.003    77526.016
   180:    77576.026    78237.001    78837.018    79243.003    79249.016
   185:    79251.001    79299.026    79429.003    81105.001    81705.018
   190:    82016.003    82022.016    82072.026    83060.001    83660.018
   195:    83945.003    83951.016    84001.026    86172.001    86772.018
   200:    87044.003    87047.001    87050.016    87100.026    87206.003
   205:    87969.001    88056.003    88075.001    88638.003    88639.001
   210:    88701.003    88706.001    88779.003    88788.001    88795.003
   215:    88801.001    89199.003    89884.001    90019.003    90022.001
   220:    90160.003    90167.001    90228.003    90246.001    90626.003
   225:    90627.001    90791.003    91227.001    91304.003    91305.001
   230:    91629.003    91632.001    91649.003    91661.001    91989.003
   235:    93151.001    93474.003    93476.001    93703.003    93706.001
   240:    93719.003    93723.001    93805.003    93826.001    93909.003
   245:    93914.001    93925.003    93962.001    94053.003    94116.001
   250:    94404.003    94424.001    94781.003    95875.001    95890.003
   255:    95918.001    96518.018    97008.003    97014.016    97030.001
   260:    97064.026    97382.003    98927.001    99527.018   101137.003
   265:   101143.016   101164.001   101193.026   101384.003   102776.001
   270:   103376.018   104069.003   104075.016   104076.001   104085.003
   275:   104091.001   104102.003   104125.026   107340.001   107940.018
   280:   108251.003   108257.016   108307.026   109607.001   110119.003
   285:   111478.001   111534.003   111561.001   111755.003   111767.001
   290:   112100.003   112160.001   112201.003   112249.001   112849.018
   295:   113297.003   113303.016   113353.026   114638.001   115238.018
   300:   115477.003   115483.016   115493.001   115533.026   115692.003
   305:   117416.001   118016.018   118112.003   118118.016   118168.026
   310:   120071.001   120541.003   120810.001   120920.003   121688.001
   315:   122288.018   122827.003   122833.016   122883.026   128073.002
   320:   128597.004   129183.002   130088.004   131792.001   132392.018
   325:   132483.003   132489.016   132493.001   132539.026   132754.003
   330:   133861.001   134461.018   134976.003   134982.016   134983.001
   335:   135032.026   135136.003   137862.001   138462.018   138771.003
   340:   138777.016   138788.001   138809.003   138827.026   139868.001
   345:   140468.018   141143.003   141149.016   141199.026   142455.001
   350:   143055.018   143460.003   143466.016   143516.026   145498.001
   355:   145722.003   145752.001   146019.003   146036.001   146129.003
   360:   146172.001   146772.018   147288.003   147294.016   147344.026
   365:   148820.001   148996.003   149054.001   149654.018   150139.003
   370:   150145.016   150195.026   151761.001   151798.003   151878.001
   375:   152243.003   152725.001   152788.003   153208.001   153275.003
   380:   153276.001   153882.018   154236.003   154242.016   154251.001
   385:   154292.026   154484.003   155449.001   155470.003   156237.001
   390:   156352.003   156387.001   156457.003   156516.001   156609.003
   395:   156652.001   157252.018   158149.003   158155.016   158205.026
   400:   159164.001   159764.018   160124.003   160126.001   160130.016
   405:   160180.026   160253.003   161227.001   161821.003   161884.001
   410:   162484.018   163308.003   163314.016   163364.026   164523.001
   415:   164646.003   164785.001   165385.018   165606.003   165611.001
   420:   165612.016   165662.026   165897.003   166813.001   167413.018
   425:   167915.003   167921.016   167971.026   168716.001   169316.018
   430:   170003.003   170009.016   170059.026   171660.001   172260.018
   435:   172650.003   172656.016   172669.001   172706.026   172952.003
   440:   174547.001   175147.018   175273.003   175279.016   175281.001
   445:   175329.026   175931.018   175980.003   175986.016   176036.026
   450:   177169.001   177769.018   178747.003   178753.016   178803.026
   455:   179630.001   180230.018   181494.003   181500.016   181501.001
   460:   181511.003   181545.001   181550.026   181557.003   183518.001
   465:   184118.018   184787.003   184793.016   184843.026   186156.001
   470:   186756.003   186757.001   186762.016   186812.026   186985.003
   475:   186990.001   187224.003   187229.001   187242.003   188363.001
   480:   188963.018   189959.003   189965.016   190015.026   191991.001
   485:   192591.018   192848.003   192854.016   192868.001   192904.026
   490:   192922.003   193946.001   194546.018   195104.003   195110.016
   495:   195160.026   195899.001   196499.018   196728.003   196734.016
   500:   196784.026   199373.001   199618.003   199985.001   200466.003
   505:   202004.001   202604.018   202702.003   202708.016   202758.026
   510:   203670.001   204270.018   204570.003   204576.016   204626.026
   515:   205459.001   206059.018   206454.003   206460.016   206510.026
   520:   207636.001   207726.003   207756.001   208356.018   208643.003
   525:   208649.016   208699.026   209431.001   209486.003   212575.001
   530:   212655.003   212676.001   212763.003   212813.001   212844.003
   535:   213620.001   214043.003   214487.001   214713.003   214720.001
   540:   214794.003   214802.001   215402.018   215531.003   215537.016
   545:   215548.001   215587.026   215599.003   222722.001   223162.003
   550:   224862.001   225462.018   225925.003   225931.016   225981.026
   555:   228899.001   229499.018   229541.003   229547.016   229597.026
   560:   231185.001   231785.018   232159.003   232165.016   232215.026
   565:   233997.001   234430.003   235810.001   236348.003   236361.001
   570:   236720.003   237481.001   237606.003   238053.001   238653.018
   575:   238924.003   238930.016   238980.026   240488.001   241088.018
   580:   242654.003   242660.016   242710.026   244686.001   244901.003
   585:   246119.001   246151.003   246283.001   246489.003   247285.001
   590:   247704.003   247715.001   247993.003   248792.001   249260.003
   595:   249263.001   249338.003   249339.001   249945.018   250174.003
   600:   250180.016   250230.026   251841.001   252441.018   252476.003
   605:   252482.016   252490.001   252532.026   252915.003   254242.001
   610:   254842.018   255388.003   255391.001   255394.016   255444.026
   615:   255571.003   257552.001   258152.018   258652.003   258658.016
   620:   258672.001   258686.003   258708.026   262103.001   262636.003
   625:   262672.001   262957.003   262962.001   263220.003   263278.001
   630:   263453.003   265080.001   265141.003   265198.001   265798.018
   635:   266404.003   266410.016   266426.001   266460.026   266502.003
   640:   267914.001   268514.018   268819.003   268825.016   268828.001
   645:   268875.026   268893.003   271041.001   271641.018   272283.003
   650:   272289.016   272320.001   272339.026   272696.003   274186.001
   655:   274786.018   275219.003   275225.016   275231.001   275275.026
   660:   275337.003   277885.001   278485.018   278560.003   278566.016
   665:   278616.026   279590.001   280190.018   280839.003   280845.016
   670:   280895.026   283693.001   284293.018   284338.003   284344.016
   675:   284394.026   288177.001   288777.018   289224.003   289230.016
   680:   289280.026   290388.001   290988.018   291407.003   291413.016
   685:   291463.026   293115.001   293715.018   293920.003   293926.016
   690:   293953.001   293976.026   294389.003   297071.001   297554.003
   695:   298107.001   298558.003   298572.001   299172.018   299209.003
   700:   299215.016   299265.026   301453.001   302053.018   302324.003
   705:   302330.016   302380.026   304641.001   305044.003   305494.001
   710:   305564.003   305569.001   305579.003   305604.001   305817.003
   715:   305831.001   306431.018   306631.003   306637.016   306687.026
   720:   307811.001   308093.003   308589.001   308616.003   308647.001
   725:   309247.018   309640.003   309646.016   309696.026   312091.001
   730:   312691.018   312800.003   312806.016   312856.026   314542.001
   735:   315142.018   315316.003   315322.016   315372.026   317917.001
   740:   318517.018   318816.003   318822.016   318872.026   322374.001
   745:   322974.018   323286.003   323292.016   323342.026   324529.001
   750:   325129.018   325435.003   325441.016   325461.001   325491.026
   755:   325532.003   327613.001   328213.018   328595.003   328601.016
   760:   328651.026   331053.001   331606.003   331626.001   331795.003
   765:   332059.001   332161.003   332476.001   332546.003   332548.001
   770:   333153.018   333324.003   333330.016   333365.001   333380.026
   775:   333535.003   335264.001   335864.018   336647.003   336653.016
   780:   336703.026   338571.001   339171.018   339283.003   339289.016
   785:   339295.001   339323.003   339339.026   340471.001   341071.018
   790:   342240.003   342246.016   342296.026   343801.001   344216.003
   795:   344226.001   344292.003   345420.001   346020.018   346206.003
   800:   346212.016   346262.026   347424.001   348024.018   348060.003
   805:   348066.016   348075.001   348116.026   348369.003   350187.001
   810:   350283.003   350306.001   350906.018   351635.003   351641.016
   815:   351691.026   353325.001   353925.018   354349.003   354355.016
   820:   354405.026   355440.001   356040.018   356619.003   356625.016
   825:   356675.026   358644.001   359244.018   359400.003   359406.016
   830:   359456.026   361400.001   362000.018   362315.003   362321.016
   835:   362340.001   362371.026   362388.003   364602.001   365202.018
   840:   365493.003   365499.016   365549.026   366813.001   367413.018
   845:   367569.003   367575.016   367591.001   367625.026   367749.003
   850:   369876.001   370476.018   370780.003   370786.016   370799.001
   855:   370836.026   371060.003   373599.001   374021.003   374037.001
   860:   374169.003   375273.001   375873.018   375902.003   375908.016
   865:   375928.001   375958.026   376273.003   377279.001   377309.003
   870:   377383.001   377983.003   377989.016   378039.026   379338.001
   875:   379938.018   380015.003   380021.016   380031.001   380071.026
   880:   380299.003   380334.001   380381.003   381162.001   381218.003
   885:   381406.001   382006.018   382884.003   382890.016   382940.026
   890:   386878.001   387478.018   388137.003   388143.016   388193.026
   895:   392703.001   393220.003   394577.001   395177.018   395701.003
   900:   395707.016   395757.026   403919.001   404236.003   404273.001
   905:   404333.003   405339.001   405938.003   405959.001   406065.003
   910:   407600.001   407646.003   407897.001   408142.003   408158.001
   915:   408758.018   409108.003   409114.016   409133.001   409164.026
   920:   409214.003   411845.001   411913.003   411915.001   412520.018
   925:   412922.003   412928.016   412978.026   416444.001   416516.003
   930:   416526.001   416544.003   416556.001   416757.003   416780.001
   935:   417369.003   418369.001   418969.018   419050.003   419056.016
   940:   419106.026   419110.001   419362.003   419371.001   419496.003
   945:   421781.001   421872.003   421922.001   422522.018   422991.003
   950:   422997.016   423004.001   423047.026   423544.003   423559.001
   955:   423645.003   426169.001   426769.018   426938.003   426944.016
   960:   426994.026   428924.001   429524.018   429683.003   429689.016
   965:   429739.026   431828.001   432428.018   432591.003   432597.016
   970:   432647.026   433048.001   433181.003   434813.001   434986.003
   975:   435073.001   435346.003   435524.001   435598.003   435880.001
   980:   436480.018   436610.003   436616.016   436666.026   440476.001
   985:   441076.018   441255.003   441261.016   441266.001   441311.026
   990:   441346.003   441355.001   441363.003   443548.001   444030.003
   995:   444058.001   444290.003   445341.001   445374.003   445408.001
  1000:   446008.018   446434.003   446440.016   446490.026   448862.001
  1005:   449462.018   450012.003   450018.016   450068.026   452731.001
  1010:   453310.003   453337.001   453382.003   455063.001   455169.003
  1015:   455658.001   455833.003   455934.001   455979.003   456086.001
  1020:   456686.018   456763.003   456769.016   456795.001   456819.026
  1025:   457203.003   457265.001   457560.003   457580.001   458180.018
  1030:   458585.003   458591.016   458641.026   462030.001   462593.003
  1035:   463386.001   463883.003   463887.001   463949.003   463969.001
  1040:   464144.003   464939.001   465003.003   465232.001   465819.003
  1045:   465867.001   465924.003   465970.001   466095.003   466103.001
  1050:   466703.018   468505.003   468511.016   468561.026   470691.001
  1055:   471291.018   471924.003   471930.016   471980.026   492996.001
  1060:   493596.018   493948.003   493954.016   494004.026   498091.001
  1065:   498641.003   500049.001   500407.003   500449.001   500610.003
  1070:   500742.001   500881.003   500921.001   501521.018   501610.003
  1075:   501616.016   501666.026   504569.001   505090.003   505107.001
  1080:   505210.003   505220.001   505717.003   506766.001   507366.018
  1085:   507393.003   507399.016   507405.001   507449.026   508051.018
  1090:   508075.003   508081.016   508112.001   508131.026   508170.003
  1095:   508314.001   508555.003   513388.001   513988.018   514612.003
  1100:   514618.016   514668.026   518793.001   519051.003   519160.001
  1105:   519327.003   519351.001   519902.003   520519.001   520662.003
  1110:   520672.001   521089.003   521121.001   521721.018   522199.003
  1115:   522205.016   522255.026   522311.001   522490.003   523184.001
  1120:   523349.003   523646.001   523768.003   523804.001   523865.003
  1125:   523897.001   524253.003   528235.001   528835.018   530037.003
  1130:   530043.016   530093.026   532263.001   532330.003   532506.001
  1135:   532601.003   532621.001   533221.018   533570.003   533576.016
  1140:   533603.001   533626.026   533677.003   536957.001   537557.018
  1145:   537928.003   537934.016   537984.026   537992.001   538044.003
  1150:   538161.001   538222.003   538955.001   539290.003   539296.001
  1155:   539897.018   541204.003   541210.016   541260.026   544842.001
  1160:   544945.003   544949.001   545416.003   546041.001   546062.003
  1165:   546107.001   546376.003   546522.001   547122.018   548110.003
  1170:   548116.016   548166.026   552501.001   553101.018   553674.003
  1175:   553680.016   553703.001   553730.026   553784.003   556188.001
  1180:   556288.003   556309.001   556909.018   557183.003   557189.016
  1185:   557191.001   557239.026   557330.003   559883.001   560483.018
  1190:   561173.003   561179.016   561229.026   580024.001   580387.003
  1195:   580423.001   580720.003   580759.001   580885.003   582854.001
  1200:   583454.018   584099.003   584105.016   584155.026   586311.001
  1205:   586911.018   587046.003   587052.016   587102.026   588519.001
  1210:   589119.018   589709.003   589715.016   589765.026   592514.001
  1215:   593075.003   593117.001   593484.003   593952.001   594271.003
  1220:   594298.001   594898.018   595661.003   595667.016   595717.026
  1225:   598584.001   599184.018   600042.003   600048.016   600098.026
  1230:   602449.001   603049.018   603517.003   603523.016   603573.026
  1235:   606147.001   606747.018   606918.003   606924.016   606959.001
  1240:   606974.026   607103.003   609270.001   609339.003   609459.001
  1245:   610059.018   610551.003   610557.016   610607.026   613395.001
  1250:   613464.003   613515.001   614115.018   614707.003   614713.016
  1255:   614763.026   617739.001   617870.003   617899.001   618499.018
  1260:   618801.003   618807.016   618857.026   622386.001   622986.018
  1265:   623057.003   623063.016   623092.001   623113.026   623314.003
  1270:   625897.001   626497.018   627420.003   627426.016   627476.026
  1275:   629105.001   629705.018   630392.003   630396.001   630398.016
  1280:   630448.026   630488.003   638784.001   639074.003   639076.001
  1285:   639298.003   639325.001   639749.003   642212.001   642812.018
  1290:   643897.003   643903.016   643953.026   646094.001   646694.018
  1295:   646867.003   646873.016   646886.001   646923.026   647019.003
  1300:   649212.001   649812.018   649874.003   649880.016   649930.026
  1305:   653378.001   653457.003   653479.001   653837.003   653871.001
  1310:   654261.003   654822.001   655422.018   655969.003   655975.016
  1315:   656008.001   656025.026   656393.003   658679.001   659279.018
  1320:   660146.003   660152.016   660202.026   662841.001   663441.018
  1325:   664258.003   664264.016   664314.026   666989.001   667210.003
  1330:   667231.001   667281.003   667288.001   667297.003   667970.001
  1335:   668570.018   668937.003   668943.016   668993.026   671629.001
  1340:   672229.018   672750.003   672756.016   672806.026   675213.001
  1345:   675252.003   675267.001   675867.018   676280.003   676286.016
  1350:   676336.026   678753.001   678913.003   678927.001   679527.018
  1355:   679966.003   679972.016   680022.026   682732.001   683332.018
  1360:   683966.003   683972.016   683982.001   684022.026   684060.003
  1365:   686027.001   686627.018   687565.003   687571.016   687621.026
  1370:   689766.001   690366.018   690840.003   690846.016   690896.026
  1375:   692646.001   693246.018   693315.003   693321.016   693330.001
  1380:   693371.026   693858.003   693859.001   694465.018   694536.003
  1385:   694542.016   694592.026   696337.001   696937.018   697161.003
  1390:   697167.016   697217.026   699676.001   700276.018   700963.003
  1395:   700969.016   701019.026   705906.001   706506.018   707035.003
  1400:   707037.001   707041.016   707091.026   707115.003   709796.001
  1405:   710396.018   711198.003   711204.016   711254.026   713975.001
  1410:   714222.003   714252.001   714507.003   714534.001   715134.018
  1415:   715342.003   715348.016   715398.026   717502.001   718102.018
  1420:   719045.003   719051.016   719101.026   722496.001   723096.018
  1425:   723387.003   723393.016   723443.026   725316.001   725916.018
  1430:   726579.003   726585.016   726635.026   747264.001   747864.018
  1435:   748473.003   748479.016   748529.026   754300.001   754900.018
  1440:   755067.003   755073.016   755094.001   755123.026   755167.003
  1445:   759577.001   759792.003   759811.001   759974.003   760016.001
  1450:   760312.003   761925.001   762525.018   762688.003   762694.016
  1455:   762744.026   765843.001   766443.018   767373.003   767379.016
  1460:   767429.026   799093.001   799165.003   807388.001   807957.003
  1465:   810008.001   810165.003   810193.001   810679.003   810683.001
  1470:   811200.003   811607.001   811659.003   811719.001   812319.018
  1475:   812732.003   812738.016   812788.026   817019.001   817619.018
  1480:   817694.003   817700.016   817750.026   821125.001   821671.003
  1485:   821706.001   822306.018   822509.003   822515.016   822547.001
  1490:   822565.026   822631.003   827885.001   828485.018   828927.003
  1495:   828933.016   828983.026   834251.001   834851.018   835334.003
  1500:   835340.016   835390.026   838872.001   838953.003   838993.001
  1505:   839593.018   839965.003   839971.016   840021.026   846601.001
  1510:   847201.018   848017.003   848023.016   848073.026   853883.001
  1515:   854483.018   854722.003   854728.016   854778.026   860896.001
  1520:   861496.018   862092.003   862098.016   862148.026   866596.001
  1525:   867196.018   867865.003   867871.016   867921.026   874724.001
  1530:   875324.018   875395.003   875401.016   875429.001   875451.026
  1535:   875650.003   879713.001   879907.003   880289.001   880474.003
  1540:   880500.001   881100.018   881476.003   881482.016   881532.026
  1545:   889243.001   889843.018   890167.003   890173.016   890223.026
  1550:   896594.001   897194.018   898013.003   898019.016   898069.026
  1555:   902075.001   902675.018   903553.003   903559.016   903609.026
  1560:   907522.001   908122.018   908793.003   908799.016   908849.026
  1565:   912236.001   912836.018   913506.003   913512.016   913562.026
  1570:   919105.001   919274.003   919318.001   919918.018   920379.003
  1575:   920385.016   920435.026   925843.001   926443.018   927329.003
  1580:   927335.016   927385.026   930687.001   931287.018   932054.003
  1585:   932060.016   932110.026   936086.001   936363.003   936383.001
  1590:   936983.018   938098.003   938104.016   938154.026   942500.001
  1595:   943100.018   943581.003   943587.016   943637.026   949069.001
  1600:   949669.018   949683.003   949689.016   949699.001   949739.026
  1605:   950341.018   950685.003   950691.016   950741.026   955275.001
  1610:   955875.018   956403.003   956409.016   956459.026  1017011.002
  1615:  1017115.004  1017150.002  1017477.004  1025915.002  1026588.004
  1620:  1026596.002  1026906.004  1027808.002  1028920.004  1046002.002
  1625:  1046838.004  1046878.002  1046973.004  1047099.002  1047546.004
  1630:  1049523.001  1050123.018  1051350.003  1051356.016  1051406.026
  1635:  1054475.001  1055075.018  1055284.003  1055290.016  1055340.026
  1640:  1059534.001  1059840.003  1059954.001  1060398.003  1060645.001
  1645:  1061012.003  1063754.001  1064354.018  1064445.003  1064451.016
  1650:  1064501.026  1068837.001  1068886.003  1068890.001  1069493.018
  1655:  1069738.003  1069744.016  1069794.026  1073111.001  1073711.018
  1660:  1074199.003  1074205.016  1074255.026  1078290.001  1078890.018
  1665:  1079256.003  1079262.016  1079312.026  1084520.002  1085616.004
  1670:  1086993.002  1087174.004  1088425.001  1088942.003  1090037.001
  1675:  1090637.018  1091372.003  1091378.016  1091428.026  1094125.001
  1680:  1094725.018  1094800.003  1094806.016  1094856.026  1098212.001
  1685:  1098812.018  1099144.003  1099150.016  1099200.026  1101879.001
  1690:  1102479.018  1103041.003  1103047.016  1103097.026  1105616.001
  1695:  1106216.018  1106643.003  1106649.016  1106699.026  1109080.001
  1700:  1109680.018  1110208.003  1110214.016  1110264.026  1113942.001
  1705:  1114542.018  1115078.003  1115084.016  1115134.026  1119114.001
  1710:  1119714.018  1120145.003  1120151.016  1120201.026  1122803.001
  1715:  1123403.018  1124338.003  1124344.016  1124394.026  1128149.001
  1720:  1128749.018  1129214.003  1129220.016  1129270.026  1131787.001
  1725:  1132387.018  1132935.003  1132941.016  1132991.026  1136678.001
  1730:  1137278.018  1137564.003  1137570.016  1137620.026  1141608.001
  1735:  1141762.003  1141776.001  1142233.003  1142254.001  1142854.018
  1740:  1143114.003  1143120.016  1143170.026  1152385.001  1152985.018
  1745:  1153551.003  1153557.016  1153607.026  1157337.001  1157937.018
  1750:  1158453.003  1158459.016  1158509.026  1161697.001  1162297.018
  1755:  1162939.003  1162945.016  1162995.026  1165756.001  1166356.018
  1760:  1167019.003  1167025.016  1167075.026  1169655.001  1170255.018
  1765:  1170581.003  1170587.016  1170590.001  1170637.026  1170750.003
  1770:  1175206.001  1175806.018  1176275.003  1176281.016  1176331.026
  1775:  1184310.001  1184910.018  1185430.003  1185436.016  1185453.001
  1780:  1185486.026  1185618.003  1188551.001  1189151.018  1189658.003
  1785:  1189664.016  1189714.026  1193024.001  1193624.018  1194199.003
  1790:  1194205.016  1194255.026  1199058.001  1199492.003  1199549.001
  1795:  1200149.018  1200581.003  1200587.016  1200637.026  1227355.001
  1800:  1227955.018  1228641.003  1228647.016  1228697.026  1234591.001
  1805:  1235191.018  1235375.003  1235381.016  1235431.026  1332855.001
  1810:  1333425.003  1334180.001  1334780.018  1335603.003  1335609.016
  1815:  1335659.026  1341204.001  1341424.003  1341462.001  1342062.018
  1820:  1342204.003  1342210.016  1342260.026  1349578.001  1350178.018
  1825:  1350270.003  1350276.016  1350326.026  1357020.001  1357620.018
  1830:  1357856.003  1357862.016  1357890.001  1357912.026  1358126.003
  1835:  1366119.001  1366719.018  1366837.003  1366843.016  1366893.026
  1840:  1401369.001  1401756.003
B:
     0:        0.000      545.000       12.000      545.000       12.000
     5:        0.000        0.000        0.000        0.000        0.000
    10:        0.000        1.000        0.000        0.000        0.000
    15:        0.000      243.000        0.000      241.000        0.000
    20:        0.000        0.000        0.000        0.000        0.000
    25:        0.000      243.000        0.000        0.000        0.000
    30:        0.000
D:
     0:  1403287.000  1402901.000  1403288.000
E:
     0:      600.000      600.000
T:
     0:        0.000        0.000        0.000        0.000
